39.660028
29.882252
15.146892
19.460989
41.509661
69.416220
42.704041
9.348593
39.471114
8.244885
12.794595
40.440662
10.587841
31.982501
12.944628
12.989695
21.968062
19.021223
28.053097
29.474617
49.562807
34.841278
18.236897
27.690565
31.813986
61.000067
18.541903
47.852734
21.976149
21.535136
39.302923
14.203480
13.385686
19.993110
19.226382
29.442959
25.588859
21.058449
15.414119
19.648843
13.155940
29.118431
22.799089
40.246503
16.179498
13.010163
34.618127
21.131734
35.710961
19.867882
35.281388
24.949193
17.387733
36.046259
11.827781
24.292696
67.288464
20.264069
19.722012
21.529274
17.868696
20.318452
31.947040
25.051777
32.454039
13.608940
27.162040
14.388587
33.123545
22.467257
25.494463
18.836121
31.608745
35.808748
27.086532
23.914497
33.138283
43.181154
36.661902
13.121701
27.477439
30.688634
13.073031
41.792378
20.371883
41.240834
24.156141
31.374228
16.303489
29.488379
44.436778
23.806651
18.910336
28.541312
16.059327
38.683684
26.796554
58.643353
20.150179
22.759217
26.953460
20.559811
21.319070
22.810376
46.477672
42.830299
41.680417
15.678576
45.118412
16.167600
21.952093
21.353162
28.567665
20.111032
20.308243
39.283016
9.859768
11.609676
27.583314
13.857962
80.272072
18.564164
13.295457
53.436905
22.639776
21.210893
21.387801
18.321585
22.101636
29.538225
21.259135
27.882923
15.515157
25.085908
26.698986
46.865502
26.303146
34.822552
28.716839
35.072197
16.463305
43.789810
27.594952
102.728224
22.606347
46.402763
19.112449
37.233477
50.909338
26.689812
17.230114
27.521180
43.849014
42.281999
43.025903
35.877045
15.069484
12.890579
49.856647
27.399289
26.726812
21.785907
12.117149
15.024807
33.011991
25.195461
17.477150
24.587895
19.861066
24.923560
36.500157
13.511786
21.024178
23.507363
20.638481
19.840400
12.624051
18.309754
18.136096
36.807825
36.679948
33.797750
14.703364
35.661352
14.591259
22.991199
33.804283
49.540967
13.627291
30.304274
24.916593
18.509075
15.389330
34.261005
15.220465
29.260938
19.899022
31.688278
16.231747
19.450895
29.364590
40.688366
29.383032
23.950577
29.127550
31.631883
49.648006
34.609210
13.863343
38.959764
10.985401
11.382575
40.378935
15.204813
21.759267
24.013120
14.836111
16.523272
16.029918
51.196741
44.820687
23.401902
25.781115
36.116832
15.979376
38.184301
33.962059
27.861919
26.524259
21.940763
37.871190
26.194382
40.908592
30.353434
21.879695
31.450743
18.020650
10.541296
32.243000
17.695801
9.991387
8.206869
32.703364
34.217804
45.381584
33.174228
40.570393
26.028415
11.520293
16.764202
19.723091
19.184129
23.177323
19.221816
45.508119
52.012357
37.143776
35.099661
38.415954
16.910586
28.609720
9.735162
14.969832
23.755430
37.900587
38.134114
29.416217
24.125947
19.490725
44.198387
16.989472
15.642787
30.912688
40.675036
13.472622
19.108617
29.576806
17.311252
11.564338
21.257425
17.367862
74.344178
17.828026
20.149670
25.993890
23.803493
19.537008
28.253405
46.940052
25.399379
21.856696
27.834853
27.174147
34.335176
41.379242
33.314566
38.010725
12.576292
40.026134
20.336018